Time:      10353  NODE1: [ 99, -57, -54, -51, -56, -54, -57,  99; -58,  99, -76, -58, -65, -67, -62,  99; -54, -74,  99, -53, -54, -55, -59,  99; -52, -59, -55,  99, -55, -44, -61,  99; -55, -63, -53, -54,  99, -46, -69,  99; -54, -64, -55, -43, -46,  99, -82,  99; -55, -58, -55, -60, -69, -79,  99,  99;  99,  99,  99,  99,  99,  99,  99,  99]
Time:      10395  NODE1: [ 99, -57, -54, -49, -56, -54, -59,  99; -58,  99, -78, -60, -65, -63, -61,  99; -53, -80,  99, -54, -54, -56, -58,  99; -51, -59, -55,  99, -55, -44, -63,  99; -55, -64, -53, -54,  99, -46, -69,  99; -54, -63, -55, -43, -47,  99, -79,  99; -57, -56, -56, -61, -69, -78,  99,  99;  99,  99,  99,  99,  99,  99,  99,  99]
Time:      10437  NODE1: [ 99, -55, -50, -51, -55, -59, -58,  99; -56,  99, -74, -62, -66, -65, -59,  99; -50, -75,  99, -53, -55, -56, -59,  99; -52, -63, -55,  99, -57, -44, -63,  99; -55, -65, -53, -54,  99, -46, -69,  99; -59, -64, -56, -43, -47,  99, -77,  99; -57, -55, -55, -59, -69, -76,  99,  99;  99,  99,  99,  99,  99,  99,  99,  99]
Time:      10479  NODE1: [ 99, -60, -52, -53, -56, -55, -58,  99; -61,  99, -72, -61, -64, -66, -58,  99; -53, -69,  99, -54, -54, -55, -59,  99; -54, -61, -55,  99, -56, -44, -61,  99; -55, -62, -53, -54,  99, -46, -69,  99; -55, -65, -55, -43, -47,  99, -81,  99; -56, -55, -56, -58, -69, -80,  99,  99;  99,  99,  99,  99,  99,  99,  99,  99]
Time:      10521  NODE1: [ 99, -62, -52, -52, -56, -55, -58,  99; -63,  99, -69, -60, -63, -67, -58,  99; -52, -69,  99, -53, -54, -55, -58,  99; -53, -61, -54,  99, -56, -44, -61,  99; -55, -61, -53, -54,  99, -46, -71,  99; -55, -67, -55, -43, -47,  99, -82,  99; -56, -56, -56, -58, -70, -80,  99,  99;  99,  99,  99,  99,  99,  99,  99,  99]
Time:      10563  NODE1: [ 99, -59, -52, -52, -56, -56, -58,  99; -61,  99, -70, -63, -63, -66, -58,  99; -52, -70,  99, -54, -54, -56, -57,  99; -54, -64, -55,  99, -55, -44, -61,  99; -55, -62, -53, -54,  99, -46, -70,  99; -55, -66, -55, -43, -47,  99, -81,  99; -56, -55, -56, -58, -69, -80,  99,  99;  99,  99,  99,  99,  99,  99,  99,  99]
Time:      10605  NODE1: [ 99, -58, -51, -52, -55, -56, -58,  99; -60,  99, -69, -58, -64, -66, -57,  99; -51, -69,  99, -53, -54, -56, -58,  99; -54, -58, -55,  99, -56, -44, -61,  99; -55, -61, -53, -54,  99, -46, -71,  99; -55, -65, -55, -43, -47,  99, -87,  99; -56, -55, -55, -57, -71, -85,  99,  99;  99,  99,  99,  99,  99,  99,  99,  99]
Time:      10647  NODE1: [ 99, -61, -52, -53, -57, -55, -58,  99; -63,  99, -70, -59, -64, -68, -58,  99; -52, -69,  99, -54, -54, -56, -58,  99; -54, -61, -54,  99, -56, -44, -62,  99; -55, -62, -53, -54,  99, -46, -70,  99; -55, -67, -55, -43, -47,  99, -81,  99; -56, -55, -56, -58, -70, -79,  99,  99;  99,  99,  99,  99,  99,  99,  99,  99]
Time:      10689  NODE1: [ 99, -55, -53, -51, -56, -57, -60,  99; -56,  99, -71, -60, -65, -65, -57,  99; -53, -68,  99, -54, -53, -57, -58,  99; -51, -60, -54,  99, -55, -44, -65,  99; -55, -63, -54, -54,  99, -46, -69,  99; -56, -65, -55, -43, -47,  99, -84,  99; -58, -54, -57, -65, -67, -78,  99,  99;  99,  99,  99,  99,  99,  99,  99,  99]
Time:      10731  NODE1: [ 99, -59, -58, -49, -57, -57, -59,  99; -60,  99, -74, -57, -66, -65, -58,  99; -58, -74,  99, -55, -54, -56, -58,  99; -50, -58, -55,  99, -55, -44, -62,  99; -56, -64, -53, -54,  99, -46, -69,  99; -57, -64, -55, -43, -47,  99, -85,  99; -57, -55, -55, -60, -69, -84,  99,  99;  99,  99,  99,  99,  99,  99,  99,  99]
Time:      10773  NODE1: [ 99, -57, -51, -53, -56, -55, -58,  99; -58,  99, -78, -61, -66, -64, -59,  99; -51, -78,  99, -55, -55, -57, -58,  99; -54, -62, -57,  99, -57, -44, -58,  99; -55, -64, -52, -55,  99, -46, -70,  99; -55, -63, -55, -43, -47,  99, -82,  99; -57, -57, -57, -56, -69, -80,  99,  99;  99,  99,  99,  99,  99,  99,  99,  99]
Time:      10815  NODE1: [ 99, -59, -55, -51, -55, -54, -60,  99; -58,  99, -89, -57, -66, -64, -59,  99; -55, -88,  99, -53, -54, -56, -58,  99; -52, -58, -54,  99, -55, -44, -61,  99; -54, -64, -53, -54,  99, -46, -70,  99; -54, -64, -55, -43, -47,  99, -79,  99; -59, -57, -56, -57, -69, -78,  99,  99;  99,  99,  99,  99,  99,  99,  99,  99]
Time:      10857  NODE1: [ 99, -55, -52, -55, -55, -55, -58,  99; -56,  99, -87, -57, -66, -64, -59,  99; -52, -86,  99, -54, -54, -57, -58,  99; -56, -57, -55,  99, -55, -44, -61,  99; -55, -64, -53, -54,  99, -46, -71,  99; -55, -63, -55, -43, -47,  99, -81,  99; -57, -56, -57, -58, -70, -81,  99,  99;  99,  99,  99,  99,  99,  99,  99,  99]
Time:      10899  NODE1: [ 99, -56, -53, -53, -56, -55, -58,  99; -57,  99, -67, -61, -75, -72, -63,  99; -53, -71,  99, -53, -54, -56, -58,  99; -54, -56, -54,  99, -56, -44, -61,  99; -55, -69, -53, -54,  99, -46, -69,  99; -55, -83, -55, -43, -47,  99, -81,  99; -57, -61, -56, -58, -69, -80,  99,  99;  99,  99,  99,  99,  99,  99,  99,  99]
Time:      10941  NODE1: [ 99, -58, -53, -53, -56, -55, -58,  99; -58,  99, -79, -70, -63, -77, -64,  99; -53, -73,  99, -53, -54, -55, -57,  99; -54, -71, -54,  99, -56, -44, -61,  99; -55, -62, -53, -54,  99, -46, -69,  99; -55, -87, -55, -43, -47,  99, -80,  99; -57, -61, -55, -57, -69, -78,  99,  99;  99,  99,  99,  99,  99,  99,  99,  99]
Time:      10983  NODE1: [ 99, -64, -53, -53, -56, -56, -58,  99; -65,  99, -65, -66, -66, -75, -60,  99; -54, -64,  99, -53, -54, -55, -58,  99; -54, -66, -54,  99, -55, -45, -61,  99; -55, -64, -53, -54,  99, -46, -69,  99; -55, -74, -55, -43, -47,  99, -77,  99; -56, -57, -56, -59, -69, -76,  99,  99;  99,  99,  99,  99,  99,  99,  99,  99]
Time:      11025  NODE1: [ 99, -60, -52, -52, -56, -57, -59,  99; -61,  99, -62, -70, -65, -83, -59,  99; -52, -63,  99, -55, -54, -57, -58,  99; -53, -69, -56,  99, -57, -45, -60,  99; -55, -63, -53, -54,  99, -46, -70,  99; -57, -85, -56, -43, -46,  99, -79,  99; -57, -57, -57, -57, -70, -78,  99,  99;  99,  99,  99,  99,  99,  99,  99,  99]
Time:      11067  NODE1: [ 99, -63, -58, -53, -57, -55, -59,  99; -64,  99, -65, -66, -66, -81, -58,  99; -58, -64,  99, -52, -54, -55, -58,  99; -54, -67, -54,  99, -55, -44, -61,  99; -55, -64, -54, -54,  99, -46, -70,  99; -55, -80, -56, -43, -47,  99, -80,  99; -58, -57, -56, -57, -70, -78,  99,  99;  99,  99,  99,  99,  99,  99,  99,  99]
Time:      11109  NODE1: [ 99, -61, -55, -51, -55, -55, -58,  99; -63,  99, -65, -65, -66, -81, -60,  99; -55, -64,  99, -54, -54, -56, -58,  99; -52, -65, -55,  99, -55, -44, -61,  99; -55, -63, -53, -54,  99, -46, -70,  99; -54, -81, -55, -43, -47,  99, -80,  99; -57, -57, -56, -58, -69, -79,  99,  99;  99,  99,  99,  99,  99,  99,  99,  99]
Time:      11151  NODE1: [ 99, -60, -56, -52, -57, -55, -58,  99; -61,  99, -66, -65, -66, -81, -59,  99; -56, -65,  99, -52, -54, -55, -57,  99; -53, -65, -54,  99, -55, -44, -61,  99; -55, -63, -53, -54,  99, -46, -69,  99; -55, -81, -55, -43, -47,  99, -80,  99; -57, -57, -55, -57, -69, -79,  99,  99;  99,  99,  99,  99,  99,  99,  99,  99]
Time:      11193  NODE1: [ 99, -63, -54, -50, -56, -57, -58,  99; -64,  99, -64, -68, -66, -86, -59,  99; -54, -64,  99, -52, -54, -56, -59,  99; -51, -68, -55,  99, -56, -44, -58,  99; -55, -64, -53, -54,  99, -46, -71,  99; -57, -85, -55, -43, -46,  99, -80,  99; -57, -57, -58, -56, -71, -78,  99,  99;  99,  99,  99,  99,  99,  99,  99,  99]
Time:      11235  NODE1: [ 99, -61, -55, -51, -57, -55, -59,  99; -62,  99, -65, -66, -66, -81, -59,  99; -55, -64,  99, -53, -54, -55, -58,  99; -51, -66, -55,  99, -55, -44, -61,  99; -56, -63, -53, -54,  99, -46, -69,  99; -55, -80, -55, -43, -47,  99, -80,  99; -57, -57, -56, -58, -69, -78,  99,  99;  99,  99,  99,  99,  99,  99,  99,  99]
Time:      11277  NODE1: [ 99, -61, -56, -49, -56, -55, -59,  99; -62,  99, -65, -66, -65, -82, -58,  99; -56, -65,  99, -54, -54, -55, -58,  99; -49, -66, -55,  99, -55, -44, -61,  99; -55, -63, -53, -53,  99, -46, -69,  99; -55, -81, -55, -43, -47,  99, -79,  99; -58, -57, -56, -58, -69, -77,  99,  99;  99,  99,  99,  99,  99,  99,  99,  99]
Time:      11319  NODE1: [ 99, -60, -54, -50, -57, -55, -58,  99; -61,  99, -65, -65, -65, -81, -59,  99; -54, -66,  99, -54, -54, -55, -58,  99; -51, -66, -55,  99, -55, -44, -61,  99; -56, -63, -53, -54,  99, -46, -69,  99; -55, -81, -55, -43, -47,  99, -80,  99; -58, -57, -55, -58, -69, -78,  99,  99;  99,  99,  99,  99,  99,  99,  99,  99]
Time:      11361  NODE1: [ 99, -62, -55, -49, -57, -55, -58,  99; -63,  99, -66, -65, -66, -81, -60,  99; -55, -64,  99, -54, -54, -55, -58,  99; -51, -66, -55,  99, -55, -44, -61,  99; -55, -63, -53, -53,  99, -46, -69,  99; -55, -80, -55, -43, -47,  99, -80,  99; -58, -57, -56, -58, -69, -78,  99,  99;  99,  99,  99,  99,  99,  99,  99,  99]
Time:      11403  NODE1: [ 99, -60, -53, -51, -57, -56, -58,  99; -61,  99, -66, -65, -66, -80, -60,  99; -54, -65,  99, -54, -54, -55, -58,  99; -51, -66, -55,  99, -55, -44, -61,  99; -56, -63, -53, -54,  99, -46, -69,  99; -55, -80, -55, -43, -47,  99, -80,  99; -57, -57, -56, -58, -69, -78,  99,  99;  99,  99,  99,  99,  99,  99,  99,  99]
Time:      11445  NODE1: [ 99, -60, -54, -51, -57, -56, -59,  99; -61,  99, -66, -66, -66, -80, -60,  99; -54, -65,  99, -54, -54, -55, -58,  99; -52, -66, -55,  99, -55, -44, -61,  99; -56, -63, -53, -53,  99, -46, -69,  99; -55, -79, -55, -43, -47,  99, -80,  99; -58, -57, -56, -58, -69, -78,  99,  99;  99,  99,  99,  99,  99,  99,  99,  99]
Time:      11487  NODE1: [ 99, -60, -55, -49, -57, -55, -59,  99; -61,  99, -66, -66, -66, -80, -60,  99; -55, -65,  99, -54, -54, -55, -58,  99; -51, -66, -55,  99, -55, -44, -61,  99; -55, -63, -53, -53,  99, -46, -69,  99; -55, -80, -55, -43, -47,  99, -80,  99; -58, -57, -56, -58, -69, -78,  99,  99;  99,  99,  99,  99,  99,  99,  99,  99]
Time:      11529  NODE1: [ 99, -61, -55, -49, -57, -55, -59,  99; -61,  99, -66, -65, -65, -80, -60,  99; -55, -65,  99, -54, -54, -55, -58,  99; -51, -66, -55,  99, -55, -44, -61,  99; -55, -63, -53, -53,  99, -46, -69,  99; -55, -80, -55, -43, -47,  99, -80,  99; -58, -57, -55, -58, -69, -78,  99,  99;  99,  99,  99,  99,  99,  99,  99,  99]
Time:      11575  NODE1: [ 99, -59, -53, -52, -57, -55, -58,  99; -61,  99, -66, -66, -66,  80,  39, 103; -53, -65,  99, -53, -54, -55, -57,  99; -53, -66, -55,  99, -55, -44, -61,  99; -56, -63, -53, -54,  99, -46, -69,  99; -55, -80, -55, -43, -47,  99, -80,  99; -58, -57, -55, -58, -69, -78,  99,  99;  99,  99,  99,  99,  99,  99,  99,  99]
Time:      11616  NODE1: [ 99, -61, -50, -52, -55, -56, -59,  99; -61,  99, -65, -66, -66, -80, -60,  99; -50, -65,  99, -54, -54, -55, -57,  99; -53, -66, -55,  99, -55, -44, -61,  99; -55, -63, -53, -54,  99, -46, -69,  99; -56, -81, -55, -43, -47,  99, -80,  99; -57, -57, -55, -58, -69, -78,  99,  99;  99,  99,  99,  99,  99,  99,  99,  99]
Time:      11662  NODE1: [ 99, -61, -54, -53, -56, -56, -58,  99; -61,  99, -65, -66, -66, -80, -60,  99; -54, -65,  99, -53, -54, -55, -58,  99; -54, -66, -54,  99, -55, -44, -61,  99; -55, -63, -52, -54,  99, -46, -69,  99; -56, -81, -55, -43, -47,  99, -80,  99; -56, -58, -55, -58, -69, -77,  99,  99;  99,  99,  99,  99,  99,  99,  99,  99]
Time:      11703  NODE1: [ 99, -64, -54, -51, -55, -55, -58,  99; -65,  99, -65, -66, -64, -78, -58,  99; -54, -66,  99, -52, -54, -55, -58,  99; -55, -67, -54,  99, -55, -44, -61,  99; -54, -63, -53, -54,  99, -46, -69,  99; -55, -77, -55, -43, -47,  99, -81,  99; -57, -57, -56, -57, -69, -79,  99,  99;  99,  99,  99,  99,  99,  99,  99,  99]
Time:      11749  NODE1: [ 99, -58, -54, -53, -56, -55, -58,  99; -60,  99, -65, -66, -66, -78, -59,  99; -54, -66,  99, -52, -54, -55, -58,  99; -55, -66, -54,  99, -56, -44, -61,  99; -55, -63, -53, -54,  99, -46, -69,  99; -55, -77, -55, -43, -47,  99, -81,  99; -57, -57, -57, -58, -69, -79,  99,  99;  99,  99,  99,  99,  99,  99,  99,  99]
Time:      11792  NODE1: [ 99, -61, -54, -53, -56, -55, -58,  99; -62,  99, -65, -66, -66, -79, -59,  99; -54, -64,  99, -53, -54, -56, -58,  99; -55, -66, -54,  99, -56, -44, -61,  99; -55, -63, -53, -54,  99, -46, -69,  99; -55, -77, -55, -43, -47,  99, -81,  99; -57, -57, -56, -58, -69, -79,  99,  99;  99,  99,  99,  99,  99,  99,  99,  99]
Time:      11835  NODE1: [ 99, -61, -54, -54, -56, -55, -58,  99; -62,  99, -65, -64, -64, -79, -59,  99; -54, -64,  99, -53, -54, -55, -58,  99; -53, -65, -54,  99, -56, -44, -61,  99; -55, -63, -53, -54,  99, -46, -69,  99; -55, -79, -55, -43, -47,  99, -79,  99; -57, -57, -56, -57, -69, -78,  99,  99;  99,  99,  99,  99,  99,  99,  99,  99]
Time:      11880  NODE1: [ 99, -60, -52, -53, -56, -55, -58,  99; -61,  99, -65, -64, -65, -80, -60,  99; -54, -65,  99, -53, -54, -55, -58,  99; -54, -65, -54,  99, -56, -45, -61,  99; -55, -63, -53, -54,  99, -46, -69,  99; -55, -79, -55, -43, -47,  99, -80,  99; -57, -57, -56, -58, -69, -78,  99,  99;  99,  99,  99,  99,  99,  99,  99,  99]
Time:      11925  NODE1: [ 99, -60, -54, -53, -56, -55, -58,  99; -61,  99, -65, -64, -65, -80, -60,  99; -54, -65,  99, -53, -54, -55, -58,  99; -54, -65, -54,  99, -55, -44, -61,  99; -55, -63, -53, -54,  99, -46, -69,  99; -55, -79, -55, -42, -47,  99, -80,  99; -57, -57, -56, -57, -67, -78,  99,  99;  99,  99,  99,  99,  99,  99,  99,  99]
Time:      11970  NODE1: [ 99, -60, -54, -53, -56, -55, -58,  99; -61,  99, -64, -64, -65, -80, -58,  99; -53, -65,  99, -53, -54, -57, -58,  99; -54, -65, -54,  99, -55, -44, -61,  99; -55, -63, -53, -54,  99, -46, -69,  99; -55, -79, -55, -43, -47,  99, -80,  99; -57, -57, -55, -58, -67, -79,  99,  99;  99,  99,  99,  99,  99,  99,  99,  99]
Time:      12013  NODE1: [ 99, -58, -54, -53, -55, -55, -58,  99; -60,  99, -64, -64, -66, -80, -58,  99; -54, -64,  99, -52, -54, -55, -58,  99; -54, -65, -55,  99, -55, -44, -61,  99; -55, -64, -53, -54,  99, -46, -69,  99; -55, -79, -55, -43, -47,  99, -80,  99; -57, -57, -56, -58, -69, -79,  99,  99;  99,  99,  99,  99,  99,  99,  99,  99]
Time:      12056  NODE1: [ 99, -61, -53, -53, -55, -55, -59,  99; -62,  99, -64, -62, -66, -79, -58,  99; -53, -64,  99, -52, -52, -55, -58,  99; -54, -64, -55,  99, -55, -44, -61,  99; -55, -64, -53, -54,  99, -46, -69,  99; -55, -78, -55, -43, -47,  99, -81,  99; -57, -57, -56, -58, -69, -78,  99,  99;  99,  99,  99,  99,  99,  99,  99,  99]
Time:      12099  NODE1: [ 99, -60, -53, -50, -56, -55, -58,  99; -61,  99, -65, -62, -66, -81, -60,  99; -54, -65,  99, -52, -52, -55, -57,  99; -58, -66, -54,  99, -55, 101,  83,  99; -55, -63, -53, -54,  99, -45, -69,  99; -55, -79, -55, -43, -47,  99, -81,  99; -56, -57, -55, -58, -69, -79,  99,  99;  99,  99,  99,  99,  99,  99,  99,  99]
Time:      12144  NODE1: [ 99, -60, -54, -51, -56, -55, -58,  99; -61,  99, -65, -65, -66, -81, -60,  99; -54, -64,  99, -53, -52, -55, -57,  99; -53, -66, -54,  99, -55, -44, -61,  99; -55, -63, -53, -54,  99, -45, -69,  99; -55, -77, -55, -43, -47,  99, -81,  99; -56, -57, -55, -58, -69, -79,  99,  99;  99,  99,  99,  99,  99,  99,  99,  99]
Time:      12189  NODE1: [ 99, -60, -53, -51, -55, -55, -58,  99; -61,  99, -65, -65, -66, -81, -60,  99; -53, -64,  99, -52, -54, -55, -58,  99; -53, -66, -54,  99, -55, -44, -61,  99; -55, -64, -53, -54,  99, -46, -69,  99; -55, -77, -55, -43, -47,  99, -81,  99; -57, -57, -56, -57, -69, -79,  99,  99;  99,  99,  99,  99,  99,  99,  99,  99]
Time:      12234  NODE1: [ 99, -60, -53, -53, -55, -55, -58,  99; -61,  99, -65, -65, -66, -81, -60,  99; -53, -64,  99, -53, -54, -55, -58,  99; -54, -66, -54,  99, -55, -44, -61,  99; -54, -64, -53, -54,  99, -46, -69,  99; -55, -77, -55, -43, -47,  99, -81,  99; -57, -56, -57, -58, -67, -79,  99,  99;  99,  99,  99,  99,  99,  99,  99,  99]
Time:      12275  NODE1: [ 99, -67, -53, -52, -55, -56, -58,  99; -67,  99, -66, -64, -69, -78, -60,  99; -53, -66,  99, -53, -54, -55, -58,  99; -53, -64, -54,  99, -55, -45, -61,  99; -54, -66, -53, -54,  99, -46, -69,  99; -55, -78, -55, -43, -46,  99, -80,  99; -58, -57, -56, -58, -69, -78,  99,  99;  99,  99,  99,  99,  99,  99,  99,  99]
Time:      12317  NODE1: [ 99, -64, -50, -52, -57, -55, -58,  99; -65,  99, -67, -65, -67, -78, -60,  99; -50, -67,  99, -55, -53, -55, -58,  99; -53, -65, -54,  99, -56, -44, -67,  99; -55, -64, -53, -54,  99, -46, -69,  99; -55, -79, -56, -43, -47,  99, -78,  99; -56, -57, -55, -62, -69, -76,  99,  99;  99,  99,  99,  99,  99,  99,  99,  99]
Time:      12359  NODE1: [ 99, -63, -52, -58, -56, -54, -58,  99; -64,  99, -64, -66, -66, -80, -60,  99; -52, -64,  99, -52, -54, -56, -58,  99; -58, -67, -54,  99, -56, -44, -60,  99; -55, -64, -53, -54,  99, -46, -70,  99; -54, -79, -56, -43, -46,  99, -79,  99; -57, -57, -56, -57, -69, -78,  99,  99;  99,  99,  99,  99,  99,  99,  99,  99]
Time:      12403  NODE1: [ 99, -60, -54, -51, -56, -55, -58,  99; -61,  99, -66, -66, -66, -79, -60,  99; -54, -66,  99, -54, -54, -56, -58,  99; -52, -67, -55,  99, -55, -44, -60,  99; -55, -64, -53, -54,  99, -46, -69,  99; -54, -78, -55, -43, -46,  99, -80,  99; -57, -57, -56, -57, -69, -78,  99,  99;  99,  99,  99,  99,  99,  99,  99,  99]
Time:      12444  NODE1: [ 99, -61, -52, -51, -56, -55, -58,  99; -62,  99, -66, -66, -66, -78, -59,  99; -52, -66,  99, -53, -54, -55, -58,  99; -52, -67, -54,  99, -55, -44, -61,  99; -55, -63, -52, -54,  99, -46, -69,  99; -54, -77, -55, -43, -46,  99, -79,  99; -57, -57, -56, -57, -69, -78,  99,  99;  99,  99,  99,  99,  99,  99,  99,  99]
Time:      12486  NODE1: [ 99, -62, -52, -51, -56, -55, -58,  99; -63,  99, -66, -66, -65, -78, -60,  99; -52, -66,  99, -53, -54, -55, -58,  99; -52, -67, -54,  99, -55, -44, -61,  99; -55, -63, -52, -54,  99, -46, -69,  99; -55, -77, -55, -43, -47,  99, -79,  99; -57, -57, -56, -57, -69, -78,  99,  99;  99,  99,  99,  99,  99,  99,  99,  99]
Time:      12528  NODE1: [ 99, -62, -53, -52, -57, -55, -58,  99; -63,  99, -66, -66, -65, -78, -60,  99; -53, -66,  99, -53, -54, -55, -58,  99; -53, -67, -54,  99, -55, -44, -61,  99; -55, -64, -52, -53,  99, -46, -69,  99; -55, -77, -55, -43, -47,  99, -80,  99; -57, -57, -56, -57, -69, -78,  99,  99;  99,  99,  99,  99,  99,  99,  99,  99]
Time:      12570  NODE1: [ 99, -62, -53, -52, -56, -55, -58,  99; -63,  99, -66, -66, -66, -78, -60,  99; -53, -66,  99, -53, -54, -55, -58,  99; -53, -67, -54,  99, -55, -44, -60,  99; -55, -63, -52, -54,  99, -46, -69,  99; -55, -77, -55, -43, -47,  99, -79,  99; -57, -57, -55, -57, -69, -78,  99,  99;  99,  99,  99,  99,  99,  99,  99,  99]
Time:      12612  NODE1: [ 99, -61, -53, -51, -57, -55, -58,  99; -62,  99, -66, -66, -65, -78, -59,  99; -53, -66,  99, -53, -54, -55, -58,  99; -53, -67, -54,  99, -55, -44, -60,  99; -55, -64, -52, -54,  99, -46, -69,  99; -55, -77, -55, -43, -47,  99, -80,  99; -56, -57, -56, -57, -69, -78,  99,  99;  99,  99,  99,  99,  99,  99,  99,  99]
Time:      12654  NODE1: [ 99, -61, -53, -51, -56, -55, -58,  99; -62,  99, -66, -66, -65, -78, -60,  99; -53, -66,  99, -53, -54, -55, -58,  99; -52, -67, -54,  99, -55, -44, -61,  99; -55, -63, -52, -54,  99, -46, -69,  99; -54, -77, -55, -43, -46,  99, -79,  99; -57, -57, -56, -57, -69, -78,  99,  99;  99,  99,  99,  99,  99,  99,  99,  99]
Time:      12696  NODE1: [ 99, -61, -54, -51, -56, -55, -58,  99; -61,  99, -66, -66, -66, -78, -60,  99; -54, -66,  99, -53, -54, -55, -58,  99; -51, -67, -54,  99, -55, -44, -61,  99; -55, -63, -52, -54,  99, -46, -69,  99; -55, -78, -55, -43, -46,  99, -79,  99; -57, -57, -56, -57, -69, -78,  99,  99;  99,  99,  99,  99,  99,  99,  99,  99]
Time:      12738  NODE1: [ 99, -61, -53, -51, -57, -55, -58,  99; -62,  99, -66, -66, -66, -78, -60,  99; -53, -66,  99, -53, -54, -55, -57,  99; -52, -67, -54,  99, -55, -44, -60,  99; -55, -63, -53, -54,  99, -46, -69,  99; -55, -77, -55, -43, -47,  99, -79,  99; -57, -57, -55, -57, -69, -78,  99,  99;  99,  99,  99,  99,  99,  99,  99,  99]
Time:      12782  NODE1: [ 99, -61, -52, -51, -57, -55, -58,  99; -62,  99, -66, -66, -66, -78, -60,  99; -52, -66,  99, -54, -54, -55, -57,  99; -52, -67, -55,  99, -55, -44, -60,  99; -55, -63, -52, -54,  99, -46, -69,  99; -55, -78, -55, -43, -47,  99, -79,  99; -57, -57, -55, -57, -69, -78,  99,  99;  99,  99,  99,  99,  99,  99,  99,  99]
Time:      12825  NODE1: [ 99, -61, -51, -51, -57, -55, -58,  99; -62,  99, -67, -66, -66, -78, -60,  99; -51, -66,  99, -53, -54, -55, -57,  99; -53, -67, -55,  99, -55, -44, -60,  99; -55, -63, -52, -54,  99, -46, -69,  99; -55, -78, -55, -43, -47,  99, -80,  99; -57, -57, -55, -57, -69, -78,  99,  99;  99,  99,  99,  99,  99,  99,  99,  99]
Time:      12868  NODE1: [ 99, -61, -51, -51, -56, -55, -58,  99; -61,  99, -66, -67, -66, -78, -60,  99; -51, -66,  99, -54, -54, -55, -57,  99; -52, -68, -55,  99, -55, -44, -60,  99; -55, -63, -53, -54,  99, -46, -69,  99; -54, -78, -55, -43, -46,  99, -80,  99; -57, -57, -55, -57, -69, -78,  99,  99;  99,  99,  99,  99,  99,  99,  99,  99]
Time:      12911  NODE1: [ 99, -61, -52, -51, -56, -55, -58,  99; -62,  99, -66, -67, -65, -78, -60,  99; -52, -66,  99, -54, -54, -55, -57,  99; -52, -67, -55,  99, -55, -44, -60,  99; -55, -63, -52, -54,  99, -46, -69,  99; -54, -78, -55, -43, -47,  99, -79,  99; -57, -57, -56, -58, -69, -78,  99,  99;  99,  99,  99,  99,  99,  99,  99,  99]
Time:      12954  NODE1: [ 99, -61, -52, -51, -56, -55, -58,  99; -62,  99, -66, -67, -66, -79, -60,  99; -52, -66,  99, -54, -54, -55, -57,  99; -52, -67, -55,  99, -55, -44, -60,  99; -55, -63, -53, -53,  99, -46, -69,  99; -54, -78, -55, -43, -47,  99, -80,  99; -57, -57, -55, -57, -69, -79,  99,  99;  99,  99,  99,  99,  99,  99,  99,  99]
Time:      12997  NODE1: [ 99, -61, -52, -51, -56, -54, -58,  99; -62,  99, -66, -67, -65, -79, -60,  99; -52, -66,  99, -54, -54, -55, -57,  99; -52, -67, -55,  99, -55, -44, -60,  99; -55, -63, -53, -53,  99, -46, -69,  99; -54, -78, -55, -43, -47,  99, -80,  99; -57, -57, -55, -57, -69, -78,  99,  99;  99,  99,  99,  99,  99,  99,  99,  99]
Time:      13040  NODE1: [ 99, -61, -52, -51, -56, -55, -58,  99; -61,  99, -66, -66, -66, -78, -60,  99; -52, -66,  99, -54, -54, -55, -57,  99; -51, -67, -55,  99, -55, -44, -60,  99; -55, -63, -52, -54,  99, -46, -69,  99; -55, -78, -55, -43, -47,  99, -80,  99; -57, -57, -55, -57, -69, -78,  99,  99;  99,  99,  99,  99,  99,  99,  99,  99]
Time:      13083  NODE1: [ 99, -61, -52, -50, -55, -55, -58,  99; -61,  99, -67, -66, -66, -78, -60,  99; -52, -67,  99, -54, -54, -55, -57,  99; -51, -67, -55,  99, -55, -44, -60,  99; -55, -63, -53, -54,  99, -46, -69,  99; -54, -78, -55, -43, -47,  99, -80,  99; -57, -57, -56, -57, -69, -78,  99,  99;  99,  99,  99,  99,  99,  99,  99,  99]
Time:      13126  NODE1: [ 99, -61, -51, -51, -55, -54, -58,  99; -61,  99, -67, -66, -66, -79, -60,  99; -51, -67,  99, -54, -54, -55, -57,  99; -51, -67, -55,  99, -55, -44, -60,  99; -55, -63, -53, -53,  99, -46, -69,  99; -54, -78, -55, -43, -47,  99, -80,  99; -56, -57, -56, -57, -69, -78,  99,  99;  99,  99,  99,  99,  99,  99,  99,  99]
Time:      13169  NODE1: [ 99, -60, -53, -49, -56, -54, -58,  99; -61,  99, -67, -66, -66, -79, -60,  99; -53, -67,  99, -54, -54, -55, -57,  99; -51, -67, -55,  99, -55, -44, -60,  99; -55, -64, -53, -54,  99, -46, -69,  99; -54, -78, -55, -43, -46,  99, -80,  99; -57, -57, -56, -57, -69, -78,  99,  99;  99,  99,  99,  99,  99,  99,  99,  99]
Time:      13212  NODE1: [ 99, -60, -53, -49, -56, -54, -58,  99; -61,  99, -67, -66, -66, -79, -60,  99; -53, -67,  99, -54, -54, -55, -57,  99; -51, -67, -55,  99, -55, -44, -60,  99; -55, -63, -53, -54,  99, -46, -69,  99; -54, -78, -55, -43, -47,  99, -80,  99; -56, -57, -55, -58, -69, -79,  99,  99;  99,  99,  99,  99,  99,  99,  99,  99]
Time:      13255  NODE1: [ 99, -60, -54, -49, -56, -54, -58,  99; -61,  99, -67, -67, -66, -79, -60,  99; -54, -67,  99, -54, -54, -55, -57,  99; -51, -67, -55,  99, -55, -44, -60,  99; -55, -63, -53, -54,  99, -46, -69,  99; -54, -78, -55, -43, -47,  99, -80,  99; -56, -57, -56, -57, -69, -78,  99,  99;  99,  99,  99,  99,  99,  99,  99,  99]
Time:      13298  NODE1: [ 99, -60, -53, -51, -56, -55, -58,  99; -61,  99, -67, -66, -66, -78, -60,  99; -53, -67,  99, -55, -54, -55, -57,  99; -51, -66, -55,  99, -55, -44, -60,  99; -55, -63, -53, -54,  99, -46, -69,  99; -55, -78, -55, -43, -47,  99, -80,  99; -57, -57, -55, -58, -69, -78,  99,  99;  99,  99,  99,  99,  99,  99,  99,  99]
Time:      13341  NODE1: [ 99, -59, -54, -51, -57, -55, -58,  99; -61,  99, -67, -66, -66, -78, -60,  99; -54, -67,  99, -54, -54, -55, -57,  99; -51, -66, -55,  99, -55, -44, -60,  99; -55, -63, -53, -53,  99, -46, -69,  99; -55, -78, -55, -43, -47,  99, -80,  99; -57, -57, -55, -58, -69, -78,  99,  99;  99,  99,  99,  99,  99,  99,  99,  99]
Time:      13384  NODE1: [ 99, -61, -55, -52, -56, -54, -60,  99; -63,  99, -67, -67, -66, -80, -60,  99; -55, -66,  99, -54, -54, -56, -57,  99; -53, -68, -55,  99, -55, -44, -60,  99; -55, -64, -53, -53,  99, -46, -69,  99; -54, -78, -55, -43, -46,  99, -81,  99; -58, -57, -56, -57, -69, -79,  99,  99;  99,  99,  99,  99,  99,  99,  99,  99]
Time:      13427  NODE1: [ 99, -61, -56, -51, -56, -54, -58,  99; -62,  99, -65, -66, -66, -80, -60,  99; -57, -65,  99, -54, -54, -55, -57,  99; -52, -67, -55,  99, -55, -44, -60,  99; -55, -64, -53, -54,  99, -46, -69,  99; -54, -79, -55, -43, -47,  99, -79,  99; -57, -57, -56, -58, -69, -78,  99,  99;  99,  99,  99,  99,  99,  99,  99,  99]
Time:      13470  NODE1: [ 99, -61, -57, -51, -56, -54, -58,  99; -62,  99, -66, -66, -66, -80, -60,  99; -57, -65,  99, -54, -54, -55, -57,  99; -52, -67, -55,  99, -55, -44, -60,  99; -55, -63, -53, -54,  99, -46, -69,  99; -54, -79, -55, -43, -46,  99, -79,  99; -57, -57, -55, -57, -69, -78,  99,  99;  99,  99,  99,  99,  99,  99,  99,  99]
Time:      13513  NODE1: [ 99, -61, -55, -52, -55, -53, -58,  99; -62,  99, -66, -66, -66, -80, -60,  99; -55, -65,  99, -54, -54, -55, -57,  99; -53, -67, -55,  99, -55, -44, -60,  99; -55, -64, -53, -54,  99, -46, -69,  99; -52, -79, -55, -43, -46,  99, -80,  99; -56, -57, -55, -57, -69, -78,  99,  99;  99,  99,  99,  99,  99,  99,  99,  99]
Time:      13556  NODE1: [ 99, -64, -53, -52, -55, -56, -58,  99; -64,  99, -66, -66, -66, -79, -60,  99; -53, -64,  99, -54, -54, -55, -57,  99; -53, -67, -55,  99, -55, -44, -60,  99; -55, -64, -53, -54,  99, -46, -69,  99; -56, -78, -55, -43, -47,  99, -77,  99; -57, -57, -56, -57, -69, -76,  99,  99;  99,  99,  99,  99,  99,  99,  99,  99]
Time:      13599  NODE1: [ 99, -61, -54, -53, -55, -54, -58,  99; -63,  99, -66, -66, -66, -78, -60,  99; -54, -65,  99, -54, -54, -56, -57,  99; -54, -67, -55,  99, -55, -44, -60,  99; -55, -64, -52, -53,  99, -46, -69,  99; -54, -77, -55, -43, -46,  99, -77,  99; -56, -57, -57, -57, -69, -75,  99,  99;  99,  99,  99,  99,  99,  99,  99,  99]
Time:      13642  NODE1: [ 99, -64, -54, -53, -55, -55, -60,  99; -65,  99, -65, -66, -66, -79, -60,  99; -54, -65,  99, -52, -54, -55, -57,  99; -54, -67, -54,  99, -56, -44, -60,  99; -55, -64, -53, -54,  99, -46, -69,  99; -54, -79, -55, -43, -46,  99, -77,  99; -58, -57, -56, -58, -69, -75,  99,  99;  99,  99,  99,  99,  99,  99,  99,  99]
Time:      13685  NODE1: [ 99, -62, -54, -52, -56, -54, -60,  99; -63,  99, -64, -66, -66, -78, -60,  99; -54, -64,  99, -53, -54, -56, -57,  99; -53, -67, -54,  99, -55, -44, -60,  99; -55, -64, -52, -54,  99, -46, -69,  99; -54, -78, -56, -43, -47,  99, -77,  99; -58, -57, -56, -57, -69, -75,  99,  99;  99,  99,  99,  99,  99,  99,  99,  99]
Time:      13728  NODE1: [ 99, -62, -53, -53, -56, -55, -58,  99; -63,  99, -68, -63, -66, -76, -60,  99; -54, -67,  99, -53, -54, -55, -57,  99; -54, -64, -54,  99, -55, -44, -60,  99; -55, -63, -53, -54,  99, -46, -69,  99; -55, -75, -55, -43, -47,  99, -80,  99; -57, -56, -55, -58, -69, -79,  99,  99;  99,  99,  99,  99,  99,  99,  99,  99]
Time:      13771  NODE1: [ 99, -62, -52, -52, -56, -55, -58,  99; -63,  99, -67, -64, -66, -78, -60,  99; -52, -68,  99, -53, -54, -55, -57,  99; -54, -65, -54,  99, -56, -44, -60,  99; -55, -64, -53, -54,  99, -46, -69,  99; -55, -77, -55, -43, -47,  99, -77,  99; -57, -57, -56, -60, -70, -75,  99,  99;  99,  99,  99,  99,  99,  99,  99,  99]
Time:      13814  NODE1: [ 99, -59, -51, -52, -57, -55, -58,  99; -61,  99, -65, -63, -67, -78, -60,  99; -51, -64,  99, -55, -54, -56, -57,  99; -53, -64, -57,  99, -56, -44, -60,  99; -55, -65, -53, -54,  99, -46, -69,  99; -55, -77, -55, -43, -47,  99, -78,  99; -57, -57, -57, -64, -69, -76,  99,  99;  99,  99,  99,  99,  99,  99,  99,  99]
Time:      13857  NODE1: [ 99, -62, -53, -51, -55, -56, -58,  99; -63,  99, -64, -63, -67, -78, -60,  99; -53, -64,  99, -55, -54, -57, -57,  99; -53, -64, -57,  99, -55, -44, -60,  99; -55, -65, -53, -54,  99, -46, -69,  99; -55, -77, -56, -43, -47,  99, -79,  99; -57, -57, -55, -62, -68, -77,  99,  99;  99,  99,  99,  99,  99,  99,  99,  99]
Time:      13900  NODE1: [ 99, -66, -52, -51, -55, -56, -58,  99; -67,  99, -65, -65, -67, -74, -60,  99; -52, -64,  99, -54, -54, -56, -57,  99; -52, -65, -55,  99, -57, -44, -60,  99; -55, -65, -52, -55,  99, -46, -69,  99; -55, -73, -55, -43, -47,  99, -78,  99; -57, -57, -57, -58, -69, -76,  99,  99;  99,  99,  99,  99,  99,  99,  99,  99]
Time:      13943  NODE1: [ 99, -59, -53, -53, -56, -55, -59,  99; -58,  99, -66, -67, -66, -78, -60,  99; -53, -68,  99, -53, -54, -56, -57,  99; -54, -67, -55,  99, -55, -44, -60,  99; -55, -63, -53, -54,  99, -46, -69,  99; -55, -80, -55, -43, -47,  99, -80,  99; -57, -57, -56, -60, -67, -78,  99,  99;  99,  99,  99,  99,  99,  99,  99,  99]
Time:      13986  NODE1: [ 99, -58, -53, -53, -56, -55, -57,  99; -58,  99, -69, -64, -65, -88, -60,  99; -53, -69,  99, -53, -54, -55, -57,  99; -54, -64, -54,  99, -56, -44, -60,  99; -55, -63, -53, -54,  99, -46, -69,  99; -55, -87, -55, -43, -46,  99, -79,  99; -56, -60, -56, -57, -68, -78,  99,  99;  99,  99,  99,  99,  99,  99,  99,  99]
Time:      14029  NODE1: [ 99, -59, -53, -53, -56, -55, -58,  99; -60,  99, -66, -75, -65, -81, -60,  99; -53, -66,  99, -53, -54, -55, -57,  99; -54, -67, -54,  99, -55, -44, -60,  99; -55, -63, -53, -54,  99, -46, -69,  99; -55, -84, -55, -43, -47,  99, -79,  99; -56, -57, -55, -57, -69, -77,  99,  99;  99,  99,  99,  99,  99,  99,  99,  99]
Time:      14072  NODE1: [ 99, -57, -53, -53, -56, -55, -57,  99; -57,  99, -67, -79, -65, -81, -60,  99; -53, -66,  99, -53, -54, -56, -57,  99; -54, -76, -54,  99, -56, -44, -60,  99; -55, -63, -53, -54,  99, -46, -69,  99; -55, -78, -55, -43, -47,  99, -79,  99; -55, -58, -56, -58, -68, -78,  99,  99;  99,  99,  99,  99,  99,  99,  99,  99]
Time:      14115  NODE1: [ 99, -61, -53, -53, -56, -55, -58,  99; -62,  99, -81, -74, -64, -78, -60,  99; -53, -78,  99, -53, -54, -55, -57,  99; -54, -84, -55,  99, -56, -44, -60,  99; -55, -63, -53, -54,  99, -46, -69,  99; -55, -78, -55, -43, -47,  99, -80,  99; -57, -59, -56, -58, -69, -78,  99,  99;  99,  99,  99,  99,  99,  99,  99,  99]
Time:      14158  NODE1: [ 99, -60, -53, -52, -55, -56, -59,  99; -61,  99, -67, -67, -67, -75, -60,  99; -53, -66,  99, -53, -54, -55, -57,  99; -53, -67, -54,  99, -55, -44, -60,  99; -55, -64, -53, -54,  99, -46, -69,  99; -55, -75, -55, -43, -47,  99, -79,  99; -57, -57, -56, -58, -70, -78,  99,  99;  99,  99,  99,  99,  99,  99,  99,  99]
Time:      14201  NODE1: [ 99, -61, -53, -53, -55, -55, -58,  99; -62,  99, -66, -67, -66, -75, -60,  99; -53, -65,  99, -53, -54, -55, -57,  99; -54, -68, -54,  99, -55, -44, -60,  99; -55, -64, -53, -54,  99, -46, -69,  99; -55, -76, -55, -43, -47,  99, -79,  99; -57, -57, -57, -58, -69, -78,  99,  99;  99,  99,  99,  99,  99,  99,  99,  99]
Time:      14244  NODE1: [ 99, -62, -53, -53, -56, -55, -58,  99; -63,  99, -65, -68, -67, -79, -60,  99; -53, -65,  99, -53, -54, -56, -57,  99; -54, -67, -54,  99, -55, -44, -60,  99; -55, -66, -52, -54,  99, -46, -69,  99; -55, -78, -55, -43, -46,  99, -78,  99; -56, -57, -56, -58, -69, -76,  99,  99;  99,  99,  99,  99,  99,  99,  99,  99]
Time:      14287  NODE1: [ 99, -63, -53, -53, -55, -55, -58,  99; -64,  99, -67, -69, -68, -76, -60,  99; -53, -66,  99, -53, -54, -55, -57,  99; -54, -69, -54,  99, -55, -44, -60,  99; -54, -65, -53, -54,  99, -46, -69,  99; -55, -75, -55, -43, -47,  99, -78,  99; -57, -57, -57, -58, -69, -76,  99,  99;  99,  99,  99,  99,  99,  99,  99,  99]
Time:      14330  NODE1: [ 99, -63, -53, -53, -55, -55, -58,  99; -64,  99, -66, -69, -71, -78, -60,  99; -53, -66,  99, -53, -54, -56, -57,  99; -54, -70, -54,  99, -55, -44, -60,  99; -55, -68, -53, -54,  99, -46, -69,  99; -55, -77, -55, -43, -46,  99, -79,  99; -57, -57, -56, -57, -69, -77,  99,  99;  99,  99,  99,  99,  99,  99,  99,  99]
Time:      14373  NODE1: [ 99, -62, -53, -54, -57, -55, -58,  99; -63,  99, -68, -61, -66, -78, -60,  99; -53, -66,  99, -53, -54, -55, -57,  99; -55, -62, -54,  99, -55, -44, -60,  99; -55, -63, -53, -54,  99, -46, -69,  99; -55, -76, -55, -43, -47,  99, -80,  99; -56, -57, -56, -59, -68, -78,  99,  99;  99,  99,  99,  99,  99,  99,  99,  99]
Time:      14416  NODE1: [ 99, -61, -53, -53, -56, -55, -57,  99; -62,  99, -69, -73, -64, -78, -60,  99; -53, -69,  99, -53, -54, -55, -57,  99; -54, -73, -54,  99, -56, -44, -60,  99; -55, -61, -53, -54,  99, -46, -69,  99; -55, -78, -55, -43, -47,  99, -80,  99; -56, -60, -56, -57, -69, -78,  99,  99;  99,  99,  99,  99,  99,  99,  99,  99]
Time:      14459  NODE1: [ 99, -54, -53, -53, -57, -55, -58,  99; -55,  99, -72, -69, -66, -76, -60,  99; -54, -73,  99, -53, -54, -55, -57,  99; -55, -70, -54,  99, -56, -44, -60,  99; -55, -63, -53, -54,  99, -46, -69,  99; -55, -75, -55, -43, -47,  99, -79,  99; -57, -61, -56, -58, -68, -77,  99,  99;  99,  99,  99,  99,  99,  99,  99,  99]
Time:      14502  NODE1: [ 99, -60, -53, -53, -56, -55, -58,  99; -61,  99, -76, -69, -65, -75, -60,  99; -53, -78,  99, -53, -54, -55, -57,  99; -54, -75, -54,  99, -55, -44, -60,  99; -55, -63, -53, -54,  99, -46, -69,  99; -55, -81, -55, -43, -46,  99, -79,  99; -57, -58, -56, -58, -69, -78,  99,  99;  99,  99,  99,  99,  99,  99,  99,  99]
Time:      14552  NODE1: [ 99, -60, -53, -53, -56, -55, -58,  99; -61,  99, -76, -69, -65, -75, -60,  99; -53, -78,  99, -53, -54, -55, -57,  99; -54, -75, -54,  99, -55, -44, -60,  99; -55, -63, -53, -54,  99, -46, -69,  99; -55, -81, -55, -43, -46,  99, -79,  99; -57, -57, -56, -57, -68, -78,  99,  99;  99,  99,  99,  99,  99,  99,  99,  99]